Local time,Open,High,Low,Close,Volume
01.01.2010 23:00:00.000 GMT+0100,1.61614,1.61614,1.61614,1.61614,0
02.01.2010 23:00:00.000 GMT+0100,1.61614,1.61614,1.61614,1.61614,0
03.01.2010 23:00:00.000 GMT+0100,1.61034,1.62415,1.60575,1.60820,205981.68779999999
04.01.2010 23:00:00.000 GMT+0100,1.60820,1.61530,1.59650,1.59900,212951.0185
05.01.2010 23:00:00.000 GMT+0100,1.59895,1.60635,1.59370,1.60170,239307.58030000003
06.01.2010 23:00:00.000 GMT+0100,1.60170,1.60585,1.58960,1.59290,212172.9919
07.01.2010 23:00:00.000 GMT+0100,1.59290,1.61100,1.59150,1.60210,209265.03050000002
08.01.2010 23:00:00.000 GMT+0100,1.60210,1.60210,1.60210,1.60210,0
09.01.2010 23:00:00.000 GMT+0100,1.60210,1.60210,1.60210,1.60210,0
10.01.2010 23:00:00.000 GMT+0100,1.60675,1.61935,1.60430,1.61125,250993.0105
11.01.2010 23:00:00.000 GMT+0100,1.61125,1.61945,1.60615,1.61615,224956.18980000002
12.01.2010 23:00:00.000 GMT+0100,1.61615,1.63070,1.61365,1.62785,265626.8505
13.01.2010 23:00:00.000 GMT+0100,1.62785,1.63465,1.62495,1.63325,221803.09829999995
14.01.2010 23:00:00.000 GMT+0100,1.63330,1.63545,1.62100,1.62615,209989.88089999996
15.01.2010 23:00:00.000 GMT+0100,1.62615,1.62615,1.62615,1.62615,0
16.01.2010 23:00:00.000 GMT+0100,1.62615,1.62615,1.62615,1.62615,0
17.01.2010 23:00:00.000 GMT+0100,1.62615,1.63770,1.62495,1.63400,156750.661
18.01.2010 23:00:00.000 GMT+0100,1.63390,1.64575,1.63115,1.63595,237724.3015
19.01.2010 23:00:00.000 GMT+0100,1.63600,1.63715,1.62430,1.62890,223299.94749999998
20.01.2010 23:00:00.000 GMT+0100,1.62890,1.63115,1.61245,1.61935,241244.41889999996
21.01.2010 23:00:00.000 GMT+0100,1.61935,1.62835,1.60770,1.61115,229651.491
22.01.2010 23:00:00.000 GMT+0100,1.61115,1.61115,1.61115,1.61115,0
23.01.2010 23:00:00.000 GMT+0100,1.61115,1.61115,1.61115,1.61115,0
24.01.2010 23:00:00.000 GMT+0100,1.61010,1.62610,1.60880,1.62445,194952.29009999998
25.01.2010 23:00:00.000 GMT+0100,1.62430,1.62680,1.60930,1.61405,225291.86079999997
26.01.2010 23:00:00.000 GMT+0100,1.61405,1.62440,1.61065,1.61665,278082.7725
27.01.2010 23:00:00.000 GMT+0100,1.61665,1.62755,1.61120,1.61355,228387.00000000003
28.01.2010 23:00:00.000 GMT+0100,1.61350,1.61790,1.59775,1.59883,248705.70789999995
29.01.2010 23:00:00.000 GMT+0100,1.59883,1.59883,1.59883,1.59883,0
30.01.2010 23:00:00.000 GMT+0100,1.59883,1.59883,1.59883,1.59883,0
31.01.2010 23:00:00.000 GMT+0100,1.59440,1.59785,1.58505,1.59565,272469.6305
01.02.2010 23:00:00.000 GMT+0100,1.59555,1.59950,1.59020,1.59730,264759.8811
02.02.2010 23:00:00.000 GMT+0100,1.59730,1.60690,1.58760,1.58905,240003.25969999997
03.02.2010 23:00:00.000 GMT+0100,1.58905,1.59185,1.57300,1.57515,233650.98059999995
04.02.2010 23:00:00.000 GMT+0100,1.57515,1.57750,1.55580,1.56380,227923.0195
05.02.2010 23:00:00.000 GMT+0100,1.56380,1.56380,1.56380,1.56380,0
06.02.2010 23:00:00.000 GMT+0100,1.56380,1.56380,1.56380,1.56380,0
07.02.2010 23:00:00.000 GMT+0100,1.55890,1.56595,1.55335,1.55835,256142.01289999997
08.02.2010 23:00:00.000 GMT+0100,1.55835,1.57475,1.55610,1.57170,240397.93210000003
09.02.2010 23:00:00.000 GMT+0100,1.57170,1.57650,1.55715,1.55940,231026.5905
10.02.2010 23:00:00.000 GMT+0100,1.55940,1.57175,1.55590,1.57040,288116.7203
11.02.2010 23:00:00.000 GMT+0100,1.57040,1.57405,1.55800,1.56980,234774.60989999998
12.02.2010 23:00:00.000 GMT+0100,1.56980,1.56980,1.56980,1.56980,0
13.02.2010 23:00:00.000 GMT+0100,1.56980,1.56980,1.56980,1.56980,0
14.02.2010 23:00:00.000 GMT+0100,1.56805,1.57205,1.56120,1.56575,117745.0206
15.02.2010 23:00:00.000 GMT+0100,1.56575,1.57950,1.56270,1.57905,235522.22040000002
16.02.2010 23:00:00.000 GMT+0100,1.57905,1.58155,1.56653,1.56700,263827.452
17.02.2010 23:00:00.000 GMT+0100,1.56700,1.56870,1.54960,1.55285,253462.89789999995
18.02.2010 23:00:00.000 GMT+0100,1.55275,1.55400,1.53505,1.54700,255257.64779999998
19.02.2010 23:00:00.000 GMT+0100,1.54700,1.54700,1.54700,1.54700,0
20.02.2010 23:00:00.000 GMT+0100,1.54700,1.54700,1.54700,1.54700,0
21.02.2010 23:00:00.000 GMT+0100,1.54740,1.55205,1.54305,1.54800,247830.6641
22.02.2010 23:00:00.000 GMT+0100,1.54790,1.55750,1.53930,1.54210,332796.41000000003
23.02.2010 23:00:00.000 GMT+0100,1.54200,1.54760,1.53855,1.54075,272012.4069
24.02.2010 23:00:00.000 GMT+0100,1.54075,1.54220,1.51880,1.52625,250589.5912
25.02.2010 23:00:00.000 GMT+0100,1.52625,1.53165,1.51515,1.52347,247354.3706
26.02.2010 23:00:00.000 GMT+0100,1.52347,1.52347,1.52347,1.52347,0
27.02.2010 23:00:00.000 GMT+0100,1.52347,1.52347,1.52347,1.52347,0
28.02.2010 23:00:00.000 GMT+0100,1.51540,1.52030,1.47805,1.49890,317427.6337
01.03.2010 23:00:00.000 GMT+0100,1.49885,1.49985,1.48540,1.49700,310959.2803
02.03.2010 23:00:00.000 GMT+0100,1.49700,1.51305,1.49575,1.50970,240615.9904
03.03.2010 23:00:00.000 GMT+0100,1.50970,1.51355,1.50055,1.50300,216269.10980000006
04.03.2010 23:00:00.000 GMT+0100,1.50305,1.51665,1.49920,1.51340,179186.40960000004
05.03.2010 23:00:00.000 GMT+0100,1.51340,1.51340,1.51340,1.51340,0
06.03.2010 23:00:00.000 GMT+0100,1.51340,1.51340,1.51340,1.51340,0
07.03.2010 23:00:00.000 GMT+0100,1.51310,1.51960,1.50305,1.50650,290127.1693
08.03.2010 23:00:00.000 GMT+0100,1.50650,1.50680,1.49355,1.49960,267894.26019999996
09.03.2010 23:00:00.000 GMT+0100,1.49960,1.50155,1.48725,1.49750,249651.24059999996
10.03.2010 23:00:00.000 GMT+0100,1.49750,1.50665,1.49450,1.50605,206284.94019999998
11.03.2010 23:00:00.000 GMT+0100,1.50610,1.52170,1.50260,1.52025,226250.25089999998
12.03.2010 23:00:00.000 GMT+0100,1.52025,1.52025,1.52025,1.52025,0
13.03.2010 23:00:00.000 GMT+0100,1.52025,1.52025,1.52025,1.52025,0
14.03.2010 22:00:00.000 GMT+0100,1.51684,1.52070,1.50185,1.50560,274526.2611
15.03.2010 22:00:00.000 GMT+0100,1.50560,1.52595,1.49775,1.52420,306273.92669999995
16.03.2010 22:00:00.000 GMT+0100,1.52420,1.53815,1.52085,1.53235,330092.17240000004
17.03.2010 22:00:00.000 GMT+0100,1.53225,1.53285,1.52165,1.52410,233168.44689999998
18.03.2010 22:00:00.000 GMT+0100,1.52405,1.52555,1.49880,1.50105,225116.9608
19.03.2010 22:00:00.000 GMT+0100,1.50105,1.50105,1.50105,1.50105,0
20.03.2010 22:00:00.000 GMT+0100,1.50105,1.50105,1.50105,1.50105,0
21.03.2010 22:00:00.000 GMT+0100,1.50223,1.51060,1.49310,1.50980,245290.25920000003
22.03.2010 22:00:00.000 GMT+0100,1.50980,1.51120,1.49725,1.50455,254965.5724
23.03.2010 22:00:00.000 GMT+0100,1.50455,1.50475,1.48630,1.48655,246052.92160000003
24.03.2010 22:00:00.000 GMT+0100,1.48635,1.50020,1.47975,1.48105,213217.50100000002
25.03.2010 22:00:00.000 GMT+0100,1.48095,1.49235,1.48050,1.48950,234419.8288
26.03.2010 22:00:00.000 GMT+0100,1.48950,1.48950,1.48950,1.48950,0
27.03.2010 22:00:00.000 GMT+0100,1.48950,1.48950,1.48950,1.48950,0
28.03.2010 22:00:00.000 GMT+0100,1.49135,1.50190,1.48915,1.49850,254787.6086
29.03.2010 22:00:00.000 GMT+0100,1.49850,1.51265,1.49735,1.50675,266360.341
30.03.2010 22:00:00.000 GMT+0100,1.50680,1.52035,1.50430,1.51815,283134.7013
31.03.2010 22:00:00.000 GMT+0100,1.51810,1.52980,1.51705,1.52905,211539.7011
01.04.2010 22:00:00.000 GMT+0100,1.52880,1.52960,1.51815,1.52035,73090.62990000001
02.04.2010 22:00:00.000 GMT+0100,1.52035,1.52035,1.52035,1.52035,0
03.04.2010 22:00:00.000 GMT+0100,1.52035,1.52035,1.52035,1.52035,0
04.04.2010 22:00:00.000 GMT+0100,1.52815,1.53190,1.52230,1.52935,99370.05860000002
05.04.2010 22:00:00.000 GMT+0100,1.52930,1.53065,1.51290,1.52655,224270.13420000003
06.04.2010 22:00:00.000 GMT+0100,1.52640,1.52860,1.51375,1.52380,252613.97960000005
07.04.2010 22:00:00.000 GMT+0100,1.52375,1.52800,1.51405,1.52785,255461.50309999997
08.04.2010 22:00:00.000 GMT+0100,1.52785,1.53910,1.52670,1.53685,223741.54269999996
09.04.2010 22:00:00.000 GMT+0100,1.53685,1.53685,1.53685,1.53685,0
10.04.2010 22:00:00.000 GMT+0100,1.53685,1.53685,1.53685,1.53685,0
11.04.2010 22:00:00.000 GMT+0100,1.54535,1.54850,1.53525,1.53660,238584.0674
12.04.2010 22:00:00.000 GMT+0100,1.53655,1.54485,1.53355,1.53795,253378.91900000002
13.04.2010 22:00:00.000 GMT+0100,1.53785,1.54905,1.53710,1.54650,248822.4311
14.04.2010 22:00:00.000 GMT+0100,1.54645,1.55225,1.53850,1.54930,275679.932
15.04.2010 22:00:00.000 GMT+0100,1.54930,1.55055,1.53570,1.53600,236189.8498
16.04.2010 22:00:00.000 GMT+0100,1.53600,1.53600,1.53600,1.53600,0
17.04.2010 22:00:00.000 GMT+0100,1.53600,1.53600,1.53600,1.53600,0
18.04.2010 22:00:00.000 GMT+0100,1.52782,1.53400,1.51915,1.53360,257431.38100000002
19.04.2010 22:00:00.000 GMT+0100,1.53360,1.54320,1.52890,1.53575,255086.38809999998
20.04.2010 22:00:00.000 GMT+0100,1.53565,1.54390,1.53310,1.54095,269090.6201
21.04.2010 22:00:00.000 GMT+0100,1.54080,1.54730,1.53415,1.53760,335310.3994
22.04.2010 22:00:00.000 GMT+0100,1.53760,1.53975,1.52935,1.53745,281706.8481
23.04.2010 22:00:00.000 GMT+0100,1.53745,1.53745,1.53745,1.53745,0
24.04.2010 22:00:00.000 GMT+0100,1.53745,1.53745,1.53745,1.53745,0
25.04.2010 22:00:00.000 GMT+0100,1.53865,1.54975,1.53700,1.54555,317752.78060000006
26.04.2010 22:00:00.000 GMT+0100,1.54555,1.54830,1.52390,1.52630,412195.74179999996
27.04.2010 22:00:00.000 GMT+0100,1.52620,1.52875,1.51250,1.52065,385325.01360000006
28.04.2010 22:00:00.000 GMT+0100,1.52065,1.53415,1.51420,1.53180,356092.1085
29.04.2010 22:00:00.000 GMT+0100,1.53160,1.53905,1.52530,1.52665,278882.5114
30.04.2010 22:00:00.000 GMT+0100,1.52665,1.52710,1.52665,1.52710,0
01.05.2010 22:00:00.000 GMT+0100,1.52710,1.52710,1.52710,1.52710,0
02.05.2010 22:00:00.000 GMT+0100,1.53240,1.53335,1.52105,1.52460,236557.03820000004
03.05.2010 22:00:00.000 GMT+0100,1.52460,1.52645,1.50905,1.51420,360184.41769999993
04.05.2010 22:00:00.000 GMT+0100,1.51420,1.51725,1.50670,1.51010,333003.05159999995
05.05.2010 22:00:00.000 GMT+0100,1.50995,1.51475,1.47085,1.48305,294388.7504000001
06.05.2010 22:00:00.000 GMT+0100,1.48280,1.49345,1.44755,1.48010,240786.76850000003
07.05.2010 22:00:00.000 GMT+0100,1.48010,1.48010,1.48010,1.48010,0
08.05.2010 22:00:00.000 GMT+0100,1.48010,1.48010,1.48010,1.48010,0
09.05.2010 22:00:00.000 GMT+0100,1.48820,1.50540,1.47590,1.48450,276921.3194
10.05.2010 22:00:00.000 GMT+0100,1.48455,1.50035,1.47195,1.49535,240651.3187
11.05.2010 22:00:00.000 GMT+0100,1.49535,1.50445,1.48180,1.48225,294525.6843
12.05.2010 22:00:00.000 GMT+0100,1.48205,1.49165,1.45945,1.46115,241380.8615
13.05.2010 22:00:00.000 GMT+0100,1.46115,1.46390,1.44955,1.45315,210297.8294
14.05.2010 22:00:00.000 GMT+0100,1.45315,1.45315,1.45315,1.45315,0
15.05.2010 22:00:00.000 GMT+0100,1.45315,1.45315,1.45315,1.45315,0
16.05.2010 22:00:00.000 GMT+0100,1.45168,1.45455,1.42505,1.44750,216161.81989999991
17.05.2010 22:00:00.000 GMT+0100,1.44750,1.45185,1.43045,1.43320,242983.57839999994
18.05.2010 22:00:00.000 GMT+0100,1.43320,1.44480,1.42375,1.44420,251188.69150000002
19.05.2010 22:00:00.000 GMT+0100,1.44420,1.44655,1.42275,1.43640,255347.5402
20.05.2010 22:00:00.000 GMT+0100,1.43600,1.44955,1.43170,1.44560,254156.78970000002
21.05.2010 22:00:00.000 GMT+0100,1.44560,1.44560,1.44560,1.44560,0
22.05.2010 22:00:00.000 GMT+0100,1.44560,1.44560,1.44560,1.44560,0
23.05.2010 22:00:00.000 GMT+0100,1.44595,1.45275,1.43515,1.44235,215748.82040000003
24.05.2010 22:00:00.000 GMT+0100,1.44230,1.44235,1.42580,1.44070,259625.35740000004
25.05.2010 22:00:00.000 GMT+0100,1.44065,1.44470,1.43295,1.43865,235804.3524
26.05.2010 22:00:00.000 GMT+0100,1.43865,1.46065,1.43660,1.45800,245732.7871
27.05.2010 22:00:00.000 GMT+0100,1.45800,1.46110,1.44345,1.44535,231556.80859999996
28.05.2010 22:00:00.000 GMT+0100,1.44535,1.44535,1.44535,1.44535,0
29.05.2010 22:00:00.000 GMT+0100,1.44535,1.44535,1.44535,1.44535,0
30.05.2010 22:00:00.000 GMT+0100,1.44150,1.45470,1.44000,1.45365,129989.8098
31.05.2010 22:00:00.000 GMT+0100,1.45325,1.47220,1.44385,1.46475,305724.71760000003
01.06.2010 22:00:00.000 GMT+0100,1.46475,1.47700,1.45530,1.46490,279532.40739999997
02.06.2010 22:00:00.000 GMT+0100,1.46485,1.47425,1.45855,1.46125,273293.7386
03.06.2010 22:00:00.000 GMT+0100,1.46100,1.46810,1.44505,1.44515,300152.0008
04.06.2010 22:00:00.000 GMT+0100,1.44515,1.44515,1.44515,1.44515,0
05.06.2010 22:00:00.000 GMT+0100,1.44515,1.44515,1.44515,1.44515,0
06.06.2010 22:00:00.000 GMT+0100,1.44095,1.45625,1.43875,1.44665,380175.36030000006
07.06.2010 22:00:00.000 GMT+0100,1.44665,1.45280,1.43460,1.44680,333193.6785
08.06.2010 22:00:00.000 GMT+0100,1.44680,1.46075,1.43950,1.45275,281366.5867
09.06.2010 22:00:00.000 GMT+0100,1.45275,1.47175,1.45085,1.47130,261843.07030000002
10.06.2010 22:00:00.000 GMT+0100,1.47135,1.47585,1.45040,1.45485,248448.9087
11.06.2010 22:00:00.000 GMT+0100,1.45485,1.45485,1.45485,1.45485,0
12.06.2010 22:00:00.000 GMT+0100,1.45485,1.45485,1.45485,1.45485,0
13.06.2010 22:00:00.000 GMT+0100,1.45695,1.48085,1.45495,1.47425,266866.3808
14.06.2010 22:00:00.000 GMT+0100,1.47425,1.48360,1.46820,1.48005,300058.1876
15.06.2010 22:00:00.000 GMT+0100,1.48005,1.48550,1.47255,1.47285,243645.75699999995
16.06.2010 22:00:00.000 GMT+0100,1.47285,1.48375,1.46445,1.48240,209444.7113
17.06.2010 22:00:00.000 GMT+0100,1.48240,1.48860,1.47705,1.48195,194421.56039999996
18.06.2010 22:00:00.000 GMT+0100,1.48195,1.48195,1.48195,1.48195,0
19.06.2010 22:00:00.000 GMT+0100,1.48195,1.48195,1.48195,1.48195,0
20.06.2010 22:00:00.000 GMT+0100,1.48595,1.49360,1.47375,1.47545,247389.80859999996
21.06.2010 22:00:00.000 GMT+0100,1.47535,1.48590,1.46875,1.48115,235427.35199999998
22.06.2010 22:00:00.000 GMT+0100,1.48110,1.49725,1.48020,1.49555,210838.76970000003
23.06.2010 22:00:00.000 GMT+0100,1.49545,1.50115,1.49150,1.49335,229343.9811
24.06.2010 22:00:00.000 GMT+0100,1.49335,1.50770,1.48555,1.50560,211745.8598
25.06.2010 22:00:00.000 GMT+0100,1.50560,1.50560,1.50560,1.50560,0
26.06.2010 22:00:00.000 GMT+0100,1.50560,1.50560,1.50560,1.50560,0
27.06.2010 22:00:00.000 GMT+0100,1.50535,1.51275,1.50165,1.51030,267776.84150000004
28.06.2010 22:00:00.000 GMT+0100,1.51020,1.51195,1.50120,1.50660,209345.05940000003
29.06.2010 22:00:00.000 GMT+0100,1.50660,1.50735,1.49350,1.49425,243264.43860000002
30.06.2010 22:00:00.000 GMT+0100,1.49425,1.51900,1.48730,1.51735,264036.1525
01.07.2010 22:00:00.000 GMT+0100,1.51725,1.52290,1.51495,1.51925,178615.71060000002
02.07.2010 22:00:00.000 GMT+0100,1.51925,1.51925,1.51925,1.51925,0
03.07.2010 22:00:00.000 GMT+0100,1.51925,1.51925,1.51925,1.51925,0
04.07.2010 22:00:00.000 GMT+0100,1.52025,1.52027,1.50895,1.51335,161829.89989999996
05.07.2010 22:00:00.000 GMT+0100,1.51330,1.52265,1.50810,1.51465,268111.51599999995
06.07.2010 22:00:00.000 GMT+0100,1.51455,1.52185,1.50810,1.51880,271128.31249999994
07.07.2010 22:00:00.000 GMT+0100,1.51860,1.52405,1.51015,1.51635,230798.37919999997
08.07.2010 22:00:00.000 GMT+0100,1.51635,1.52045,1.50500,1.50625,179493.75060000003
09.07.2010 22:00:00.000 GMT+0100,1.50625,1.50625,1.50625,1.50625,0
10.07.2010 22:00:00.000 GMT+0100,1.50625,1.50625,1.50625,1.50625,0
11.07.2010 22:00:00.000 GMT+0100,1.50775,1.50855,1.49480,1.50315,257017.66079999998
12.07.2010 22:00:00.000 GMT+0100,1.50250,1.51910,1.49645,1.51750,300248.09969999996
13.07.2010 22:00:00.000 GMT+0100,1.51740,1.52970,1.51695,1.52660,283895.82029999996
14.07.2010 22:00:00.000 GMT+0100,1.52640,1.54710,1.52355,1.54580,305131.60020000004
15.07.2010 22:00:00.000 GMT+0100,1.54628,1.54628,1.52780,1.53000,259089.12009999997
16.07.2010 22:00:00.000 GMT+0100,1.53000,1.53000,1.53000,1.53000,0
17.07.2010 22:00:00.000 GMT+0100,1.53000,1.53000,1.53000,1.53000,0
18.07.2010 22:00:00.000 GMT+0100,1.52750,1.53515,1.52025,1.52280,243053.4887
19.07.2010 22:00:00.000 GMT+0100,1.52280,1.53090,1.51530,1.52625,324956.8375999999
20.07.2010 22:00:00.000 GMT+0100,1.52595,1.53355,1.51235,1.51620,260642.5492
21.07.2010 22:00:00.000 GMT+0100,1.51620,1.52955,1.51500,1.52570,225610.1977
22.07.2010 22:00:00.000 GMT+0100,1.52570,1.54490,1.52503,1.54230,238286.61030000003
23.07.2010 22:00:00.000 GMT+0100,1.54230,1.54230,1.54230,1.54230,0
24.07.2010 22:00:00.000 GMT+0100,1.54230,1.54230,1.54230,1.54230,0
25.07.2010 22:00:00.000 GMT+0100,1.54155,1.55190,1.54060,1.54885,240483.75959999996
26.07.2010 22:00:00.000 GMT+0100,1.54827,1.55990,1.54420,1.55915,273990.7711
27.07.2010 22:00:00.000 GMT+0100,1.55915,1.56375,1.55450,1.55975,253693.90130000003
28.07.2010 22:00:00.000 GMT+0100,1.55945,1.56620,1.55800,1.56110,252664.2295
29.07.2010 22:00:00.000 GMT+0100,1.56105,1.57205,1.55510,1.56845,237233.9186
30.07.2010 22:00:00.000 GMT+0100,1.56845,1.56845,1.56845,1.56845,0
31.07.2010 22:00:00.000 GMT+0100,1.56845,1.56845,1.56810,1.56810,0
01.08.2010 22:00:00.000 GMT+0100,1.57037,1.59070,1.56950,1.58855,273799.87580000004
02.08.2010 22:00:00.000 GMT+0100,1.58855,1.59675,1.58589,1.59510,244527.4789
03.08.2010 22:00:00.000 GMT+0100,1.59505,1.59630,1.58555,1.58825,221841.83040000004
04.08.2010 22:00:00.000 GMT+0100,1.58815,1.59235,1.58200,1.58950,166968.6998
05.08.2010 22:00:00.000 GMT+0100,1.58935,1.59975,1.58400,1.59415,180603.19119999997
06.08.2010 22:00:00.000 GMT+0100,1.59415,1.59415,1.59415,1.59415,0
07.08.2010 22:00:00.000 GMT+0100,1.59415,1.59415,1.59415,1.59415,0
08.08.2010 22:00:00.000 GMT+0100,1.59640,1.59950,1.58920,1.58920,230512.84980000005
09.08.2010 22:00:00.000 GMT+0100,1.58920,1.59080,1.57100,1.58510,315913.55350000004
10.08.2010 22:00:00.000 GMT+0100,1.58505,1.58610,1.56280,1.56570,287342.3004
11.08.2010 22:00:00.000 GMT+0100,1.56555,1.57135,1.55615,1.55765,257402.05060000005
12.08.2010 22:00:00.000 GMT+0100,1.55765,1.56785,1.55635,1.55920,248411.6391
13.08.2010 22:00:00.000 GMT+0100,1.55920,1.55920,1.55920,1.55920,0
14.08.2010 22:00:00.000 GMT+0100,1.55920,1.55920,1.55920,1.55920,0
15.08.2010 22:00:00.000 GMT+0100,1.56095,1.57020,1.55345,1.56625,253229.85930000004
16.08.2010 22:00:00.000 GMT+0100,1.56615,1.56955,1.55510,1.55850,274249.4805
17.08.2010 22:00:00.000 GMT+0100,1.55855,1.56870,1.54975,1.55935,242777.3903
18.08.2010 22:00:00.000 GMT+0100,1.55935,1.56705,1.55090,1.56005,254405.84169999993
19.08.2010 22:00:00.000 GMT+0100,1.56005,1.56035,1.54620,1.55335,228605.10059999998
20.08.2010 22:00:00.000 GMT+0100,1.55335,1.55335,1.55335,1.55335,0
21.08.2010 22:00:00.000 GMT+0100,1.55335,1.55335,1.55335,1.55335,0
22.08.2010 22:00:00.000 GMT+0100,1.55295,1.56190,1.54995,1.55125,228294.27099999998
23.08.2010 22:00:00.000 GMT+0100,1.55125,1.55130,1.53715,1.53935,269297.4394
24.08.2010 22:00:00.000 GMT+0100,1.53935,1.54705,1.53890,1.54585,338235.59880000004
25.08.2010 22:00:00.000 GMT+0100,1.54535,1.55970,1.54535,1.55265,362804.53890000004
26.08.2010 22:00:00.000 GMT+0100,1.55255,1.55430,1.54415,1.55265,304492.7787000001
27.08.2010 22:00:00.000 GMT+0100,1.55265,1.55265,1.55265,1.55265,0
28.08.2010 22:00:00.000 GMT+0100,1.55265,1.55265,1.55265,1.55265,0
29.08.2010 22:00:00.000 GMT+0100,1.55300,1.55755,1.54555,1.54595,213095.26979999995
30.08.2010 22:00:00.000 GMT+0100,1.54595,1.54735,1.53260,1.53465,302678.9301
31.08.2010 22:00:00.000 GMT+0100,1.53465,1.54910,1.53355,1.54525,287170.58090000006
01.09.2010 22:00:00.000 GMT+0100,1.54525,1.54625,1.53500,1.54000,235544.32009999998
02.09.2010 22:00:00.000 GMT+0100,1.54000,1.54680,1.53885,1.54495,214181.02849999996
03.09.2010 22:00:00.000 GMT+0100,1.54495,1.54495,1.54495,1.54495,0
04.09.2010 22:00:00.000 GMT+0100,1.54495,1.54495,1.54495,1.54495,0
05.09.2010 22:00:00.000 GMT+0100,1.54300,1.54885,1.53450,1.53930,163939.86080000002
06.09.2010 22:00:00.000 GMT+0100,1.53915,1.54235,1.52965,1.53570,320555.35879999987
07.09.2010 22:00:00.000 GMT+0100,1.53570,1.55325,1.53430,1.54695,311999.01820000005
08.09.2010 22:00:00.000 GMT+0100,1.54685,1.54770,1.53755,1.54280,301010.7486
09.09.2010 22:00:00.000 GMT+0100,1.54275,1.54660,1.53440,1.53560,273572.94889999996
10.09.2010 22:00:00.000 GMT+0100,1.53560,1.53560,1.53560,1.53560,0
11.09.2010 22:00:00.000 GMT+0100,1.53560,1.53560,1.53560,1.53560,0
12.09.2010 22:00:00.000 GMT+0100,1.53555,1.54875,1.53485,1.54280,259110.42789999998
13.09.2010 22:00:00.000 GMT+0100,1.54270,1.55865,1.53470,1.55385,238575.35929999998
14.09.2010 22:00:00.000 GMT+0100,1.55385,1.56510,1.54485,1.56225,278980.30230000004
15.09.2010 22:00:00.000 GMT+0100,1.56225,1.56475,1.55375,1.56260,253482.32979999998
16.09.2010 22:00:00.000 GMT+0100,1.56205,1.57280,1.55950,1.56260,228308.30740000005
17.09.2010 22:00:00.000 GMT+0100,1.56260,1.56260,1.56260,1.56260,0
18.09.2010 22:00:00.000 GMT+0100,1.56260,1.56260,1.56260,1.56260,0
19.09.2010 22:00:00.000 GMT+0100,1.56482,1.56850,1.55360,1.55445,228832.12889999998
20.09.2010 22:00:00.000 GMT+0100,1.55445,1.56430,1.55030,1.56204,240340.3382
21.09.2010 22:00:00.000 GMT+0100,1.56210,1.57150,1.56008,1.56630,268169.42059999995
22.09.2010 22:00:00.000 GMT+0100,1.56630,1.57405,1.56110,1.56820,216744.7279
23.09.2010 22:00:00.000 GMT+0100,1.56810,1.58435,1.56400,1.58135,201156.9109
24.09.2010 22:00:00.000 GMT+0100,1.58135,1.58135,1.58135,1.58135,0
25.09.2010 22:00:00.000 GMT+0100,1.58135,1.58135,1.58135,1.58135,0
26.09.2010 22:00:00.000 GMT+0100,1.58150,1.58665,1.57870,1.58265,275551.51
27.09.2010 22:00:00.000 GMT+0100,1.58265,1.58950,1.57185,1.58000,322705.9697
28.09.2010 22:00:00.000 GMT+0100,1.58000,1.58740,1.57615,1.57835,378477.66079999995
29.09.2010 22:00:00.000 GMT+0100,1.57835,1.59225,1.56690,1.57155,324265.4515
30.09.2010 22:00:00.000 GMT+0100,1.57155,1.58725,1.57030,1.58170,265301.0814
01.10.2010 22:00:00.000 GMT+0100,1.58170,1.58170,1.58170,1.58170,0
02.10.2010 22:00:00.000 GMT+0100,1.58170,1.58170,1.58170,1.58170,0
03.10.2010 22:00:00.000 GMT+0100,1.57983,1.58700,1.57485,1.58285,198970.9405
04.10.2010 22:00:00.000 GMT+0100,1.58280,1.59295,1.57515,1.58890,281133.90099999995
05.10.2010 22:00:00.000 GMT+0100,1.58890,1.59390,1.58330,1.58910,287095.8614
06.10.2010 22:00:00.000 GMT+0100,1.58910,1.60175,1.58260,1.58765,255811.09050000002
07.10.2010 22:00:00.000 GMT+0100,1.58750,1.59650,1.58230,1.59615,207408.86010000002
08.10.2010 22:00:00.000 GMT+0100,1.59615,1.59615,1.59615,1.59615,0
09.10.2010 22:00:00.000 GMT+0100,1.59615,1.59615,1.59615,1.59615,0
10.10.2010 22:00:00.000 GMT+0100,1.59503,1.59630,1.58675,1.58810,270666.8379
11.10.2010 22:00:00.000 GMT+0100,1.58810,1.59165,1.57550,1.58085,310844.80700000003
12.10.2010 22:00:00.000 GMT+0100,1.58090,1.59080,1.57740,1.58965,306868.4693
13.10.2010 22:00:00.000 GMT+0100,1.58960,1.60660,1.58870,1.60095,285064.2003
14.10.2010 22:00:00.000 GMT+0100,1.60095,1.61055,1.59715,1.59900,211546.31230000002
15.10.2010 22:00:00.000 GMT+0100,1.59900,1.59900,1.59900,1.59900,0
16.10.2010 22:00:00.000 GMT+0100,1.59900,1.59900,1.59900,1.59900,0
17.10.2010 22:00:00.000 GMT+0100,1.59722,1.60035,1.58370,1.58750,270561.55010000005
18.10.2010 22:00:00.000 GMT+0100,1.58735,1.59410,1.56790,1.57040,288763.6524
19.10.2010 22:00:00.000 GMT+0100,1.57030,1.58775,1.56500,1.58485,247396.3605
20.10.2010 22:00:00.000 GMT+0100,1.58485,1.58495,1.56855,1.57030,272202.7898
21.10.2010 22:00:00.000 GMT+0100,1.57030,1.57500,1.56520,1.56835,228787.5084
22.10.2010 22:00:00.000 GMT+0100,1.56835,1.56835,1.56835,1.56835,0
23.10.2010 22:00:00.000 GMT+0100,1.56835,1.56835,1.56835,1.56835,0
24.10.2010 22:00:00.000 GMT+0100,1.56780,1.57716,1.56612,1.57212,179537.94919999994
25.10.2010 22:00:00.000 GMT+0100,1.57212,1.58956,1.56904,1.58441,102236.49930000001
26.10.2010 22:00:00.000 GMT+0100,1.58441,1.58654,1.57300,1.57670,111000.90030000001
27.10.2010 22:00:00.000 GMT+0100,1.57670,1.59776,1.57617,1.59451,116050.19989999999
28.10.2010 22:00:00.000 GMT+0100,1.59451,1.60440,1.58769,1.60355,104590.50089999998
29.10.2010 22:00:00.000 GMT+0100,1.60355,1.60355,1.60355,1.60355,0
30.10.2010 22:00:00.000 GMT+0100,1.60355,1.60355,1.60355,1.60355,0
31.10.2010 22:00:00.000 GMT+0100,1.60428,1.60886,1.59898,1.60338,95452.19970000001
01.11.2010 22:00:00.000 GMT+0100,1.60344,1.60792,1.59614,1.60397,102118.89950000001
02.11.2010 22:00:00.000 GMT+0100,1.60394,1.61708,1.60065,1.60795,110557.7992
03.11.2010 22:00:00.000 GMT+0100,1.60795,1.62981,1.60764,1.62670,104472.09989999997
04.11.2010 22:00:00.000 GMT+0100,1.62671,1.62942,1.61661,1.61783,101905.7996
05.11.2010 22:00:00.000 GMT+0100,1.61783,1.61783,1.61783,1.61783,0
06.11.2010 22:00:00.000 GMT+0100,1.61783,1.61783,1.61783,1.61783,0
07.11.2010 23:00:00.000 GMT+0100,1.61943,1.62122,1.61039,1.61346,98990.7996
08.11.2010 23:00:00.000 GMT+0100,1.61346,1.61833,1.59515,1.59836,103573.29940000002
09.11.2010 23:00:00.000 GMT+0100,1.59836,1.61353,1.59603,1.61196,106392.7998
10.11.2010 23:00:00.000 GMT+0100,1.61196,1.61786,1.60809,1.61221,99528.5997
11.11.2010 23:00:00.000 GMT+0100,1.61221,1.61833,1.59859,1.61122,104680.3998
12.11.2010 23:00:00.000 GMT+0100,1.61122,1.61122,1.61122,1.61122,0
13.11.2010 23:00:00.000 GMT+0100,1.61122,1.61122,1.61122,1.61122,0
14.11.2010 23:00:00.000 GMT+0100,1.61448,1.61529,1.60411,1.60511,58401.7997
15.11.2010 23:00:00.000 GMT+0100,1.60498,1.60851,1.58384,1.58832,61110.3999
16.11.2010 23:00:00.000 GMT+0100,1.58824,1.59477,1.58541,1.59060,56580.999800000005
17.11.2010 23:00:00.000 GMT+0100,1.59031,1.60549,1.58871,1.60399,62080.6006
18.11.2010 23:00:00.000 GMT+0100,1.60399,1.60937,1.59358,1.59767,52742.90030000001
19.11.2010 23:00:00.000 GMT+0100,1.59767,1.59767,1.59767,1.59767,0
20.11.2010 23:00:00.000 GMT+0100,1.59767,1.59767,1.59767,1.59767,0
21.11.2010 23:00:00.000 GMT+0100,1.59791,1.60841,1.58980,1.59541,50679.40019999998
22.11.2010 23:00:00.000 GMT+0100,1.59504,1.59636,1.57585,1.57739,63432.200000000004
23.11.2010 23:00:00.000 GMT+0100,1.57718,1.58362,1.57412,1.57710,62808.29999999999
24.11.2010 23:00:00.000 GMT+0100,1.57710,1.57934,1.57254,1.57536,63570.099500000004
25.11.2010 23:00:00.000 GMT+0100,1.57545,1.57707,1.55753,1.55907,51054.6997
26.11.2010 23:00:00.000 GMT+0100,1.55907,1.55907,1.55907,1.55907,0
27.11.2010 23:00:00.000 GMT+0100,1.55907,1.55907,1.55907,1.55907,0
28.11.2010 23:00:00.000 GMT+0100,1.55889,1.56461,1.55270,1.55706,92365.50060000001
29.11.2010 23:00:00.000 GMT+0100,1.55706,1.55949,1.54841,1.55606,149251.5992
30.11.2010 23:00:00.000 GMT+0100,1.55606,1.56481,1.55471,1.56208,138089.5983
01.12.2010 23:00:00.000 GMT+0100,1.56176,1.56671,1.55112,1.55989,132192.6992
02.12.2010 23:00:00.000 GMT+0100,1.55987,1.57869,1.55805,1.57683,130044.3003
03.12.2010 23:00:00.000 GMT+0100,1.57683,1.57683,1.57683,1.57683,0
04.12.2010 23:00:00.000 GMT+0100,1.57683,1.57683,1.57683,1.57683,0
05.12.2010 23:00:00.000 GMT+0100,1.57571,1.57737,1.56550,1.57144,108622.8008
06.12.2010 23:00:00.000 GMT+0100,1.57144,1.58215,1.57022,1.57569,129739.50080000001
07.12.2010 23:00:00.000 GMT+0100,1.57541,1.58356,1.56677,1.58025,131906.20030000003
08.12.2010 23:00:00.000 GMT+0100,1.57978,1.58403,1.57108,1.57688,124255.3004
09.12.2010 23:00:00.000 GMT+0100,1.57641,1.58614,1.57471,1.58002,103982.80030000002
10.12.2010 23:00:00.000 GMT+0100,1.58002,1.58002,1.58002,1.58002,0
11.12.2010 23:00:00.000 GMT+0100,1.58002,1.58002,1.58002,1.58002,0
12.12.2010 23:00:00.000 GMT+0100,1.57943,1.58965,1.57189,1.58611,130763.7
13.12.2010 23:00:00.000 GMT+0100,1.58611,1.59103,1.57387,1.57734,136623.1
14.12.2010 23:00:00.000 GMT+0100,1.57732,1.57732,1.55301,1.55425,149604.8993
15.12.2010 23:00:00.000 GMT+0100,1.55420,1.56354,1.55394,1.56306,114766.60079999999
16.12.2010 23:00:00.000 GMT+0100,1.56306,1.56458,1.54538,1.55324,115340.0985
17.12.2010 23:00:00.000 GMT+0100,1.55324,1.55324,1.55324,1.55324,0
18.12.2010 23:00:00.000 GMT+0100,1.55324,1.55324,1.55324,1.55324,0
19.12.2010 23:00:00.000 GMT+0100,1.55141,1.55759,1.54756,1.55117,116320.5659
20.12.2010 23:00:00.000 GMT+0100,1.55117,1.55675,1.54350,1.54688,119576.834
21.12.2010 23:00:00.000 GMT+0100,1.54688,1.54931,1.53559,1.53835,107429.80409999998
22.12.2010 23:00:00.000 GMT+0100,1.53840,1.54363,1.53729,1.54262,96039.93940000002
23.12.2010 23:00:00.000 GMT+0100,1.54234,1.54748,1.54165,1.54375,44734.58110000001
24.12.2010 23:00:00.000 GMT+0100,1.54375,1.54375,1.54375,1.54375,0
25.12.2010 23:00:00.000 GMT+0100,1.54375,1.54375,1.54375,1.54375,0
26.12.2010 23:00:00.000 GMT+0100,1.54363,1.54566,1.53689,1.54184,73528.0871
27.12.2010 23:00:00.000 GMT+0100,1.54184,1.55104,1.53439,1.53653,87925.17000000001
28.12.2010 23:00:00.000 GMT+0100,1.53649,1.55173,1.53499,1.54984,98777.15090000001
29.12.2010 23:00:00.000 GMT+0100,1.54978,1.55348,1.53666,1.54252,93018.57
30.12.2010 23:00:00.000 GMT+0100,1.54252,1.56639,1.54215,1.56081,85381.9299
31.12.2010 23:00:00.000 GMT+0100,1.56081,1.56081,1.56080,1.56080,0